50 50
65 139 65 139 65 139 65 139 65 139 65 139 65 139 65 139 65 139 65 139 65 139 65 139 65 139 65 139 65 139 65 139 65 139 65 139 65 139 65 139 65 139 65 139 65 139 65 139 65 139 65 139 65 139 65 139 65 139 65 139 65 139 65 139 65 139 65 139 65 139 65 139 65 139 65 139 65 139 65 139 65 139 65 139 65 139 65 139 65 139 65 139 65 139 65 139 65 139 65 139
65 139 65 139 65 139 65 139 65 139 65 139 65 139 65 139 65 139 65 139 65 139 65 139 65 139 65 139 65 139 65 139 65 139 65 139 65 139 65 139 65 139 65 139 65 139 65 139 65 139 65 139 65 139 65 139 65 139 65 139 65 139 65 139 65 139 65 139 65 139 65 139 65 139 65 139 65 139 65 139 65 139 65 139 65 139 65 139 65 139 65 139 65 139 65 139 65 139 65 139
65 139 65 139 65 139 65 139 65 139 65 139 65 139 65 139 65 139 65 139 65 139 65 139 65 139 65 139 65 139 65 139 65 139 65 139 65 139 65 139 65 139 65 139 65 139 65 139 65 139 65 139 65 139 65 139 65 139 65 139 65 139 65 139 65 139 65 139 65 139 65 139 65 139 65 139 65 139 65 139 65 139 65 139 65 139 65 139 65 139 65 139 65 139 65 139 65 139 65 139
65 139 65 139 65 139 65 139 65 139 65 139 65 139 65 139 65 139 65 139 65 139 65 139 65 139 65 139 65 139 65 139 65 139 65 139 65 139 65 139 65 139 65 139 65 139 65 139 65 139 65 139 65 139 65 139 65 139 65 139 65 139 65 139 65 139 65 139 65 139 65 139 65 139 65 139 65 139 65 139 65 139 65 139 65 139 65 139 65 139 65 139 65 139 65 139 65 139 65 139
65 139 65 139 65 139 65 139 65 139 65 139 65 139 65 139 65 139 65 139 65 139 65 139 65 139 65 139 65 139 65 139 65 139 65 139 65 139 65 139 65 139 65 139 65 139 65 139 65 139 65 139 65 139 65 139 65 139 65 139 65 139 65 139 65 139 65 139 65 139 65 139 65 139 65 139 65 139 65 139 65 139 65 139 65 139 65 139 65 139 65 139 65 139 65 139 65 139 65 139
65 139 65 139 65 139 65 139 65 139 65 139 65 139 65 139 65 139 65 139 65 139 65 139 65 139 65 139 65 139 65 139 65 139 65 139 65 139 65 139 65 139 65 139 65 139 65 139 65 139 65 139 65 139 65 139 65 139 65 139 65 139 65 139 65 139 65 139 65 139 65 139 65 139 65 139 65 139 65 139 65 139 65 139 65 139 65 139 65 139 65 139 65 139 65 139 65 139 65 139
65 139 65 139 65 139 65 139 65 139 65 139 65 139 65 139 65 139 65 139 65 139 65 139 65 139 65 139 65 139 65 139 65 139 65 139 65 139 65 139 65 139 65 139 65 139 65 139 65 139 65 139 65 139 65 139 65 139 65 139 65 139 65 139 65 139 65 139 65 139 65 139 65 139 65 139 65 139 65 139 65 139 65 139 65 139 65 139 65 139 65 139 65 139 65 139 65 139 65 139
65 139 65 139 65 139 65 139 65 139 65 139 65 139 65 139 65 139 65 139 65 139 65 139 65 139 65 139 65 139 65 139 65 139 65 139 65 139 65 139 65 139 65 139 65 139 65 139 65 139 65 139 65 139 65 139 65 139 65 139 65 139 65 139 65 139 65 139 65 139 65 139 65 139 65 139 65 139 65 139 65 139 65 139 65 139 65 139 65 139 65 139 65 139 65 139 65 139 65 139
65 139 65 139 65 139 65 139 65 139 65 139 65 139 65 139 65 139 65 139 65 139 65 139 65 139 65 139 65 139 65 139 65 139 65 139 65 139 65 139 65 139 65 139 65 139 65 139 65 139 65 139 65 139 65 139 65 139 65 139 65 139 65 139 65 139 65 139 65 139 65 139 65 139 65 139 65 139 65 139 65 139 65 139 65 139 65 139 65 139 65 139 65 139 65 139 65 139 65 139
65 139 65 139 65 139 65 139 65 139 65 139 65 139 65 139 65 139 65 139 65 139 65 139 65 139 65 139 65 139 65 139 65 139 65 139 65 139 65 139 65 139 65 139 65 139 65 139 65 139 65 139 65 139 65 139 65 139 65 139 65 139 65 139 65 139 65 139 65 139 65 139 65 139 65 139 65 139 65 139 65 139 65 139 65 139 65 139 65 139 65 139 65 139 65 139 65 139 65 139
65 139 65 139 65 139 65 139 65 139 65 139 65 139 65 139 65 139 65 139 65 139 65 139 65 139 65 139 65 139 65 139 65 139 65 139 65 139 65 139 65 139 65 139 65 139 65 139 65 139 65 139 65 139 65 139 65 139 65 139 65 139 65 139 65 139 65 139 65 139 65 139 65 139 65 139 65 139 65 139 65 139 65 139 65 139 65 139 65 139 65 139 65 139 65 139 65 139 65 139
65 139 65 139 65 139 65 139 65 139 65 139 65 139 65 139 65 139 65 139 65 139 65 139 65 139 65 139 65 139 65 139 65 139 65 139 65 139 65 139 65 139 65 139 65 139 65 139 65 139 65 139 65 139 65 139 65 139 65 139 65 139 65 139 65 139 65 139 65 139 65 139 65 139 65 139 65 139 65 139 65 139 65 139 65 139 65 139 65 139 65 139 65 139 65 139 65 139 65 139
65 139 65 139 65 139 65 139 65 139 65 139 65 139 65 139 65 139 65 139 65 139 65 139 65 139 65 139 65 139 65 139 65 139 65 139 65 139 65 139 65 139 65 139 65 139 65 139 65 139 65 139 65 139 65 139 65 139 65 139 65 139 65 139 65 139 65 139 65 139 65 139 65 139 65 139 65 139 65 139 65 139 65 139 65 139 65 139 65 139 65 139 65 139 65 139 65 139 65 139
65 139 65 139 65 139 65 139 65 139 65 139 65 139 65 139 65 139 65 139 65 139 65 139 65 139 65 139 65 139 65 139 65 139 65 139 65 139 65 139 65 139 65 139 65 139 65 139 65 139 65 139 65 139 65 139 65 139 65 139 65 139 65 139 65 139 65 139 65 139 65 139 65 139 65 139 65 139 65 139 65 139 65 139 65 139 65 139 65 139 65 139 65 139 65 139 65 139 65 139
65 139 65 139 65 139 65 139 65 139 65 139 65 139 65 139 65 139 65 139 65 139 65 139 65 139 65 139 65 139 65 139 65 139 65 139 65 139 65 139 65 139 65 139 65 139 65 139 65 139 65 139 65 139 65 139 65 139 65 139 65 139 65 139 65 139 65 139 65 139 65 139 65 139 65 139 65 139 65 139 65 139 65 139 65 139 65 139 65 139 65 139 65 139 65 139 65 139 65 139
65 139 65 139 65 139 65 139 65 139 65 139 65 139 65 139 65 139 65 139 65 139 65 139 65 139 65 139 65 139 65 139 65 139 65 139 65 139 65 139 65 139 65 139 65 139 65 139 65 139 65 139 65 139 65 139 65 139 65 139 65 139 65 139 65 139 65 139 65 139 65 139 65 139 65 139 65 139 65 139 65 139 65 139 65 139 65 139 65 139 65 139 65 139 65 139 65 139 65 139
65 139 65 139 65 139 65 139 65 139 65 139 65 139 65 139 65 139 65 139 65 139 65 139 65 139 65 139 65 139 65 139 65 139 65 139 65 139 65 139 65 139 65 139 65 139 65 139 65 139 65 139 65 139 65 139 65 139 65 139 65 139 65 139 65 139 65 139 65 139 65 139 65 139 65 139 65 139 65 139 65 139 65 139 65 139 65 139 65 139 65 139 65 139 65 139 65 139 65 139
65 139 65 139 65 139 65 139 65 139 65 139 65 139 65 139 65 139 65 139 65 139 65 139 65 139 65 139 65 139 65 139 65 139 65 139 65 139 65 139 65 139 65 139 65 139 65 139 65 139 65 139 65 139 65 139 65 139 65 139 65 139 65 139 65 139 65 139 65 139 65 139 65 139 65 139 65 139 65 139 65 139 65 139 65 139 65 139 65 139 65 139 65 139 65 139 65 139 65 139
65 139 65 139 65 139 65 139 65 139 65 139 65 139 65 139 65 139 65 139 65 139 65 139 65 139 65 139 65 139 65 139 65 139 65 139 65 139 65 139 65 139 65 139 65 139 65 139 65 139 65 139 65 139 65 139 65 139 65 139 65 139 65 139 65 139 65 139 65 139 65 139 65 139 65 139 65 139 65 139 65 139 65 139 65 139 65 139 65 139 65 139 65 139 65 139 65 139 65 139
65 139 65 139 65 139 65 139 65 139 65 139 65 139 65 139 65 139 65 139 65 139 65 139 65 139 65 139 65 139 65 139 65 139 65 139 65 139 65 139 65 139 65 139 65 139 65 139 65 139 65 139 65 139 65 139 65 139 65 139 65 139 65 139 65 139 65 139 65 139 65 139 65 139 65 139 65 139 65 139 65 139 65 139 65 139 65 139 65 139 65 139 65 139 65 139 65 139 65 139
65 139 65 139 65 139 65 139 65 139 65 139 65 139 65 139 65 139 65 139 65 139 65 139 65 139 65 139 65 139 65 139 65 139 65 139 65 139 65 139 65 139 65 139 65 139 65 139 65 139 65 139 65 139 65 139 65 139 65 139 65 139 65 139 65 139 65 139 65 139 65 139 65 139 65 139 65 139 65 139 65 139 65 139 65 139 65 139 65 139 65 139 65 139 65 139 65 139 65 139
65 139 65 139 65 139 65 139 65 139 65 139 65 139 65 139 65 139 65 139 65 139 65 139 65 139 65 139 65 139 65 139 65 139 65 139 65 139 65 139 65 139 65 139 65 139 65 139 65 139 65 139 65 139 65 139 65 139 65 139 65 139 65 139 65 139 65 139 65 139 65 139 65 139 65 139 65 139 65 139 65 139 65 139 65 139 65 139 65 139 65 139 65 139 65 139 65 139 65 139
65 139 65 139 65 139 65 139 65 139 65 139 65 139 65 139 65 139 65 139 65 139 65 139 65 139 65 139 65 139 65 139 65 139 65 139 65 139 65 139 65 139 65 139 65 139 65 139 65 139 65 139 65 139 65 139 65 139 65 139 65 139 65 139 65 139 65 139 65 139 65 139 65 139 65 139 65 139 65 139 65 139 65 139 65 139 65 139 65 139 65 139 65 139 65 139 65 139 65 139
65 139 65 139 65 139 65 139 65 139 65 139 65 139 65 139 65 139 65 139 65 139 65 139 65 139 65 139 65 139 65 139 65 139 65 139 65 139 65 139 65 139 65 139 65 139 65 139 65 139 65 139 65 139 65 139 65 139 65 139 65 139 65 139 65 139 65 139 65 139 65 139 65 139 65 139 65 139 65 139 65 139 65 139 65 139 65 139 65 139 65 139 65 139 65 139 65 139 65 139
65 139 65 139 65 139 65 139 65 139 65 139 65 139 65 139 65 139 65 139 65 139 65 139 65 139 65 139 65 139 65 139 65 139 65 139 65 139 65 139 65 139 65 139 65 139 65 139 65 139 65 139 65 139 65 139 65 139 65 139 65 139 65 139 65 139 65 139 65 139 65 139 65 139 65 139 65 139 65 139 65 139 65 139 65 139 65 139 65 139 65 139 65 139 65 139 65 139 65 139
65 139 65 139 65 139 65 139 65 139 65 139 65 139 65 139 65 139 65 139 65 139 65 139 65 139 65 139 65 139 65 139 65 139 65 139 65 139 65 139 65 139 65 139 65 139 65 139 65 139 65 139 65 139 65 139 65 139 65 139 65 139 65 139 65 139 65 139 65 139 65 139 65 139 65 139 65 139 65 139 65 139 65 139 65 139 65 139 65 139 65 139 65 139 65 139 65 139 65 139
65 139 65 139 65 139 65 139 65 139 65 139 65 139 65 139 65 139 65 139 65 139 65 139 65 139 65 139 65 139 65 139 65 139 65 139 65 139 65 139 65 139 65 139 65 139 65 139 65 139 65 139 65 139 65 139 65 139 65 139 65 139 65 139 65 139 65 139 65 139 65 139 65 139 65 139 65 139 65 139 65 139 65 139 65 139 65 139 65 139 65 139 65 139 65 139 65 139 65 139
65 139 65 139 65 139 65 139 65 139 65 139 65 139 65 139 65 139 65 139 65 139 65 139 65 139 65 139 65 139 65 139 65 139 65 139 65 139 65 139 65 139 65 139 65 139 65 139 65 139 65 139 65 139 65 139 65 139 65 139 65 139 65 139 65 139 65 139 65 139 65 139 65 139 65 139 65 139 65 139 65 139 65 139 65 139 65 139 65 139 65 139 65 139 65 139 65 139 65 139
65 139 65 139 65 139 65 139 65 139 65 139 65 139 65 139 65 139 65 139 65 139 65 139 65 139 65 139 65 139 65 139 65 139 65 139 65 139 65 139 65 139 65 139 65 139 65 139 65 139 65 139 65 139 65 139 65 139 65 139 65 139 65 139 65 139 65 139 65 139 65 139 65 139 65 139 65 139 65 139 65 139 65 139 65 139 65 139 65 139 65 139 65 139 65 139 65 139 65 139
65 139 65 139 65 139 65 139 65 139 65 139 65 139 65 139 65 139 65 139 65 139 65 139 65 139 65 139 65 139 65 139 65 139 65 139 65 139 65 139 65 139 65 139 65 139 65 139 65 139 65 139 65 139 65 139 65 139 65 139 65 139 65 139 65 139 65 139 65 139 65 139 65 139 65 139 65 139 65 139 65 139 65 139 65 139 65 139 65 139 65 139 65 139 65 139 65 139 65 139
65 139 65 139 65 139 65 139 65 139 65 139 65 139 65 139 65 139 65 139 65 139 65 139 65 139 65 139 65 139 65 139 65 139 65 139 65 139 65 139 65 139 65 139 65 139 65 139 65 139 65 139 65 139 65 139 65 139 65 139 65 139 65 139 65 139 65 139 65 139 65 139 65 139 65 139 65 139 65 139 65 139 65 139 65 139 65 139 65 139 65 139 65 139 65 139 65 139 65 139
65 139 65 139 65 139 65 139 65 139 65 139 65 139 65 139 65 139 65 139 65 139 65 139 65 139 65 139 65 139 65 139 65 139 65 139 65 139 65 139 65 139 65 139 65 139 65 139 65 139 65 139 65 139 65 139 65 139 65 139 65 139 65 139 65 139 65 139 65 139 65 139 65 139 65 139 65 139 65 139 65 139 65 139 65 139 65 139 65 139 65 139 65 139 65 139 65 139 65 139
65 139 65 139 65 139 65 139 65 139 65 139 65 139 65 139 65 139 65 139 65 139 65 139 65 139 65 139 65 139 65 139 65 139 65 139 65 139 65 139 65 139 65 139 65 139 65 139 65 139 65 139 65 139 65 139 65 139 65 139 65 139 65 139 65 139 65 139 65 139 65 139 65 139 65 139 65 139 65 139 65 139 65 139 65 139 65 139 65 139 65 139 65 139 65 139 65 139 65 139
65 139 65 139 65 139 65 139 65 139 65 139 65 139 65 139 65 139 65 139 65 139 65 139 65 139 65 139 65 139 65 139 65 139 65 139 65 139 65 139 65 139 65 139 65 139 65 139 65 139 65 139 65 139 65 139 65 139 65 139 65 139 65 139 65 139 65 139 65 139 65 139 65 139 65 139 65 139 65 139 65 139 65 139 65 139 65 139 65 139 65 139 65 139 65 139 65 139 65 139
65 139 65 139 65 139 65 139 65 139 65 139 65 139 65 139 65 139 65 139 65 139 65 139 65 139 65 139 65 139 65 139 65 139 65 139 65 139 65 139 65 139 65 139 65 139 65 139 65 139 65 139 65 139 65 139 65 139 65 139 65 139 65 139 65 139 65 139 65 139 65 139 65 139 65 139 65 139 65 139 65 139 65 139 65 139 65 139 65 139 65 139 65 139 65 139 65 139 65 139
65 139 65 139 65 139 65 139 65 139 65 139 65 139 65 139 65 139 65 139 65 139 65 139 65 139 65 139 65 139 65 139 65 139 65 139 65 139 65 139 65 139 65 139 65 139 65 139 65 139 65 139 65 139 65 139 65 139 65 139 65 139 65 139 65 139 65 139 65 139 65 139 65 139 65 139 65 139 65 139 65 139 65 139 65 139 65 139 65 139 65 139 65 139 65 139 65 139 65 139
65 139 65 139 65 139 65 139 65 139 65 139 65 139 65 139 65 139 65 139 65 139 65 139 65 139 65 139 65 139 65 139 65 139 65 139 65 139 65 139 65 139 65 139 65 139 65 139 65 139 65 139 65 139 65 139 65 139 65 139 65 139 65 139 65 139 65 139 65 139 65 139 65 139 65 139 65 139 65 139 65 139 65 139 65 139 65 139 65 139 65 139 65 139 65 139 65 139 65 139
65 139 65 139 65 139 65 139 65 139 65 139 65 139 65 139 65 139 65 139 65 139 65 139 65 139 65 139 65 139 65 139 65 139 65 139 65 139 65 139 65 139 65 139 65 139 65 139 65 139 65 139 65 139 65 139 65 139 65 139 65 139 65 139 65 139 65 139 65 139 65 139 65 139 65 139 65 139 65 139 65 139 65 139 65 139 65 139 65 139 65 139 65 139 65 139 65 139 65 139
65 139 65 139 65 139 65 139 65 139 65 139 65 139 65 139 65 139 65 139 65 139 65 139 65 139 65 139 65 139 65 139 65 139 65 139 65 139 65 139 65 139 65 139 65 139 65 139 65 139 65 139 65 139 65 139 65 139 65 139 65 139 65 139 65 139 65 139 65 139 65 139 65 139 65 139 65 139 65 139 65 139 65 139 65 139 65 139 65 139 65 139 65 139 65 139 65 139 65 139
65 139 65 139 65 139 65 139 65 139 65 139 65 139 65 139 65 139 65 139 65 139 65 139 65 139 65 139 65 139 65 139 65 139 65 139 65 139 65 139 65 139 65 139 65 139 65 139 65 139 65 139 65 139 65 139 65 139 65 139 65 139 65 139 65 139 65 139 65 139 65 139 65 139 65 139 65 139 65 139 65 139 65 139 65 139 65 139 65 139 65 139 65 139 65 139 65 139 65 139
65 139 65 139 65 139 65 139 65 139 65 139 65 139 65 139 65 139 65 139 65 139 65 139 65 139 65 139 65 139 65 139 65 139 65 139 65 139 65 139 65 139 65 139 65 139 65 139 65 139 65 139 65 139 65 139 65 139 65 139 65 139 65 139 65 139 65 139 65 139 65 139 65 139 65 139 65 139 65 139 65 139 65 139 65 139 65 139 65 139 65 139 65 139 65 139 65 139 65 139
65 139 65 139 65 139 65 139 65 139 65 139 65 139 65 139 65 139 65 139 65 139 65 139 65 139 65 139 65 139 65 139 65 139 65 139 65 139 65 139 65 139 65 139 65 139 65 139 65 139 65 139 65 139 65 139 65 139 65 139 65 139 65 139 65 139 65 139 65 139 65 139 65 139 65 139 65 139 65 139 65 139 65 139 65 139 65 139 65 139 65 139 65 139 65 139 65 139 65 139
65 139 65 139 65 139 65 139 65 139 65 139 65 139 65 139 65 139 65 139 65 139 65 139 65 139 65 139 65 139 65 139 65 139 65 139 65 139 65 139 65 139 65 139 65 139 65 139 65 139 65 139 65 139 65 139 65 139 65 139 65 139 65 139 65 139 65 139 65 139 65 139 65 139 65 139 65 139 65 139 65 139 65 139 65 139 65 139 65 139 65 139 65 139 65 139 65 139 65 139
65 139 65 139 65 139 65 139 65 139 65 139 65 139 65 139 65 139 65 139 65 139 65 139 65 139 65 139 65 139 65 139 65 139 65 139 65 139 65 139 65 139 65 139 65 139 65 139 65 139 65 139 65 139 65 139 65 139 65 139 65 139 65 139 65 139 65 139 65 139 65 139 65 139 65 139 65 139 65 139 65 139 65 139 65 139 65 139 65 139 65 139 65 139 65 139 65 139 65 139
65 139 65 139 65 139 65 139 65 139 65 139 65 139 65 139 65 139 65 139 65 139 65 139 65 139 65 139 65 139 65 139 65 139 65 139 65 139 65 139 65 139 65 139 65 139 65 139 65 139 65 139 65 139 65 139 65 139 65 139 65 139 65 139 65 139 65 139 65 139 65 139 65 139 65 139 65 139 65 139 65 139 65 139 65 139 65 139 65 139 65 139 65 139 65 139 65 139 65 139
65 139 65 139 65 139 65 139 65 139 65 139 65 139 65 139 65 139 65 139 65 139 65 139 65 139 65 139 65 139 65 139 65 139 65 139 65 139 65 139 65 139 65 139 65 139 65 139 65 139 65 139 65 139 65 139 65 139 65 139 65 139 65 139 65 139 65 139 65 139 65 139 65 139 65 139 65 139 65 139 65 139 65 139 65 139 65 139 65 139 65 139 65 139 65 139 65 139 65 139
65 139 65 139 65 139 65 139 65 139 65 139 65 139 65 139 65 139 65 139 65 139 65 139 65 139 65 139 65 139 65 139 65 139 65 139 65 139 65 139 65 139 65 139 65 139 65 139 65 139 65 139 65 139 65 139 65 139 65 139 65 139 65 139 65 139 65 139 65 139 65 139 65 139 65 139 65 139 65 139 65 139 65 139 65 139 65 139 65 139 65 139 65 139 65 139 65 139 65 139
65 139 65 139 65 139 65 139 65 139 65 139 65 139 65 139 65 139 65 139 65 139 65 139 65 139 65 139 65 139 65 139 65 139 65 139 65 139 65 139 65 139 65 139 65 139 65 139 65 139 65 139 65 139 65 139 65 139 65 139 65 139 65 139 65 139 65 139 65 139 65 139 65 139 65 139 65 139 65 139 65 139 65 139 65 139 65 139 65 139 65 139 65 139 65 139 65 139 65 139
65 139 65 139 65 139 65 139 65 139 65 139 65 139 65 139 65 139 65 139 65 139 65 139 65 139 65 139 65 139 65 139 65 139 65 139 65 139 65 139 65 139 65 139 65 139 65 139 65 139 65 139 65 139 65 139 65 139 65 139 65 139 65 139 65 139 65 139 65 139 65 139 65 139 65 139 65 139 65 139 65 139 65 139 65 139 65 139 65 139 65 139 65 139 65 139 65 139 65 139
65 139 65 139 65 139 65 139 65 139 65 139 65 139 65 139 65 139 65 139 65 139 65 139 65 139 65 139 65 139 65 139 65 139 65 139 65 139 65 139 65 139 65 139 65 139 65 139 65 139 65 139 65 139 65 139 65 139 65 139 65 139 65 139 65 139 65 139 65 139 65 139 65 139 65 139 65 139 65 139 65 139 65 139 65 139 65 139 65 139 65 139 65 139 65 139 65 139 65 139
