50 50
65 32 65 95 65 95 65 95 65 95 65 95 65 95 65 95 65 95 65 95 65 95 65 95 65 95 65 95 65 95 65 95 65 95 65 95 65 95 65 95 65 95 65 95 65 95 65 95 65 95 65 95 65 95 65 95 65 95 65 95 65 95 65 95 65 95 65 95 65 95 65 95 65 95 65 95 65 95 65 95 65 95 65 95 65 95 65 95 65 95 65 95 65 95 65 95 65 95 65 95
65 95 65 95 65 95 65 95 65 95 65 95 65 95 65 95 65 95 65 95 65 95 65 95 65 95 65 95 65 95 65 95 65 95 65 95 65 95 65 95 65 95 65 95 65 95 65 95 65 95 65 95 65 95 65 95 65 95 65 95 65 95 65 95 65 95 65 95 65 95 65 95 65 95 65 95 65 95 65 95 65 95 65 95 65 95 65 95 65 95 65 95 65 95 65 95 65 95 65 95
65 95 65 95 65 95 65 95 65 95 65 95 65 95 65 95 65 95 65 95 65 95 65 95 65 95 65 95 65 95 65 95 65 95 65 95 65 95 65 95 65 95 65 95 65 95 65 95 65 95 65 95 65 95 65 95 65 95 65 95 65 95 65 95 65 95 65 95 65 95 65 95 65 95 65 95 65 95 65 95 65 95 65 95 65 95 65 95 65 95 65 95 65 95 65 95 65 95 65 95
65 95 65 95 65 95 65 95 65 95 65 95 65 95 65 95 65 95 65 95 65 95 65 95 65 95 65 95 65 95 65 95 65 95 65 95 65 95 65 95 65 95 65 95 65 95 65 95 65 95 65 95 65 95 65 95 65 95 65 95 65 95 65 95 65 95 65 95 65 95 65 95 65 95 65 95 65 95 65 95 65 95 65 95 65 95 65 95 65 95 65 95 65 95 65 95 65 95 65 95
65 95 65 95 65 95 65 95 65 95 65 95 65 95 65 95 65 95 65 95 65 95 65 95 65 95 65 95 65 95 65 95 65 95 65 95 65 95 65 95 65 95 65 95 65 95 65 95 65 95 65 95 65 95 65 95 65 95 65 95 65 95 65 95 65 95 65 95 65 95 65 95 65 95 65 95 65 95 65 95 65 95 65 95 65 95 65 95 65 95 65 95 65 95 65 95 65 95 65 95
65 95 65 95 65 95 65 95 65 95 65 95 65 95 65 95 65 95 65 95 65 95 65 95 65 95 65 95 65 95 65 95 65 95 65 95 65 95 65 95 65 95 65 95 65 95 65 95 65 95 65 95 65 95 65 95 65 95 65 95 65 95 65 95 65 95 65 95 65 95 65 95 65 95 65 95 65 95 65 95 65 95 65 95 65 95 65 95 65 95 65 95 65 95 65 95 65 95 65 95
65 95 65 95 65 95 65 95 65 95 65 95 65 95 65 95 65 95 65 95 65 95 65 95 65 95 65 95 65 95 65 95 65 95 65 95 65 95 65 95 65 95 65 95 65 95 65 95 65 95 65 95 65 95 65 95 65 95 65 95 65 95 65 95 65 95 65 95 65 95 65 95 65 95 65 95 65 95 65 95 65 95 65 95 65 95 65 95 65 95 65 95 65 95 65 95 65 95 65 95
65 95 65 95 65 95 65 95 65 95 65 95 65 95 65 95 65 95 65 95 65 95 65 95 65 95 65 95 65 95 65 95 65 95 65 95 65 95 65 95 65 95 65 95 65 95 65 95 65 95 65 95 65 95 65 95 65 95 65 95 65 95 65 95 65 95 65 95 65 95 65 95 65 95 65 95 65 95 65 95 65 95 65 95 65 95 65 95 65 95 65 95 65 95 65 95 65 95 65 95
65 95 65 95 65 95 65 95 65 95 65 95 65 95 65 95 65 95 65 95 65 95 65 95 65 95 65 34 65 95 65 95 65 95 65 95 65 95 65 28 65 95 65 95 65 95 65 95 65 95 65 95 65 95 65 95 65 95 65 95 65 95 65 95 65 95 65 95 65 95 65 95 65 95 65 95 65 95 65 95 65 95 65 95 65 95 65 95 65 95 65 95 65 95 65 95 65 95 65 95
65 95 65 95 65 95 65 95 65 95 65 95 65 95 65 95 65 95 65 95 65 95 65 95 65 95 65 95 65 95 65 95 65 95 65 95 65 95 65 95 65 95 65 95 65 95 65 95 65 95 65 95 65 95 65 95 65 95 65 95 65 95 65 95 65 95 65 95 65 95 65 95 65 95 65 95 65 95 65 95 65 95 65 95 65 95 65 95 65 95 65 95 65 95 65 95 65 95 65 95
65 95 65 95 65 95 65 95 65 95 65 95 65 95 65 95 65 95 65 95 65 95 65 95 65 95 65 95 65 95 65 95 65 95 65 95 65 95 65 95 65 95 65 95 65 95 65 95 65 95 65 95 65 95 65 95 65 95 65 95 65 95 65 95 65 95 65 95 65 95 65 95 65 95 65 95 65 95 65 95 65 95 65 95 65 95 65 95 65 95 65 95 65 95 65 95 65 95 65 95
65 95 65 95 65 95 65 95 65 95 65 95 65 95 65 95 65 95 65 95 65 95 65 95 65 95 65 95 65 16 65 95 65 95 65 95 65 95 65 32 65 95 65 95 65 95 65 95 65 95 65 95 65 95 65 95 65 95 65 95 65 95 65 95 65 95 65 95 65 95 65 95 65 95 65 95 65 95 65 95 65 95 65 95 65 95 65 95 65 95 65 95 65 95 65 95 65 95 65 95
65 95 65 95 65 95 65 95 65 95 65 95 65 95 65 95 65 95 65 95 65 95 65 95 65 95 65 95 65 95 65 95 65 95 65 20 65 95 65 95 65 95 65 95 65 95 65 95 65 95 65 95 65 95 65 95 65 95 65 95 65 95 65 95 65 95 65 95 65 95 65 95 65 95 65 95 65 95 65 95 65 95 65 95 65 95 65 95 65 95 65 95 65 95 65 95 65 95 65 95
65 95 65 95 65 95 65 95 65 95 65 95 65 95 65 95 65 95 65 95 65 95 65 95 65 95 65 95 65 95 65 95 65 95 65 95 65 95 65 95 65 95 65 95 65 95 65 95 65 95 65 95 65 95 65 95 65 95 65 95 65 95 65 95 65 95 65 95 65 95 65 95 65 95 65 95 65 95 65 95 65 95 65 95 65 95 65 95 65 95 65 95 65 95 65 95 65 95 65 95
65 95 65 95 65 95 65 95 65 95 65 95 65 95 65 95 65 95 65 95 65 95 65 95 65 95 65 95 65 95 65 95 65 95 65 95 65 95 65 95 65 95 65 95 65 95 65 95 65 95 65 95 65 95 65 95 65 95 65 95 65 95 65 95 65 95 65 95 65 95 65 95 65 95 65 95 65 95 65 95 65 95 65 95 65 95 65 95 65 95 65 95 65 95 65 95 65 95 65 95
65 95 65 95 65 95 65 95 65 95 65 95 65 95 65 95 65 95 65 95 65 95 65 95 65 95 65 95 65 95 65 95 65 95 65 95 65 95 65 95 65 95 65 95 65 95 65 95 65 95 65 95 65 95 65 95 65 95 65 95 65 95 65 95 65 95 65 95 65 95 65 95 65 95 65 95 65 95 65 95 65 95 65 95 65 95 65 95 65 95 65 95 65 95 65 95 65 95 65 95
65 95 65 95 65 95 65 95 65 95 65 95 65 95 65 95 65 95 65 95 65 95 65 95 65 95 65 95 65 95 65 95 65 95 65 95 65 95 65 95 65 95 65 95 65 95 65 95 65 95 65 95 65 95 65 95 65 95 65 95 65 95 65 95 65 95 65 95 65 95 65 95 65 95 65 95 65 95 65 95 65 95 65 95 65 95 65 95 65 95 65 95 65 95 65 95 65 95 65 95
65 95 65 95 65 95 65 95 65 95 65 95 65 95 65 95 65 95 65 95 65 95 65 95 65 95 65 95 65 95 65 95 65 95 65 95 65 95 65 95 65 95 65 95 65 95 65 95 65 95 65 95 65 95 65 95 65 95 65 95 65 95 65 95 65 95 65 95 65 95 65 95 65 95 65 95 65 95 65 95 65 95 65 95 65 95 65 95 65 95 65 95 65 95 65 95 65 95 65 95
65 95 65 95 65 95 65 95 65 95 65 95 65 95 65 95 65 95 65 95 65 95 65 95 65 95 65 95 65 95 65 95 65 95 65 95 65 95 65 95 65 95 65 95 65 95 65 95 65 95 65 95 65 95 65 95 65 95 65 95 65 95 65 95 65 95 65 95 65 95 65 95 65 95 65 95 65 95 65 95 65 95 65 95 65 95 65 95 65 95 65 95 65 95 65 95 65 95 65 95
65 95 65 95 65 95 65 95 65 95 65 95 65 95 65 95 65 95 65 95 65 95 65 95 65 95 65 95 65 95 65 95 65 95 65 95 65 95 65 95 65 95 65 95 65 95 65 95 65 95 65 95 65 95 65 95 65 95 65 95 65 95 65 95 65 95 65 95 65 95 65 95 65 95 65 95 65 95 65 95 65 95 65 95 65 95 65 95 65 95 65 95 65 95 65 95 65 95 65 95
65 95 65 95 65 95 65 95 65 95 65 95 65 95 65 95 65 95 65 95 65 95 65 95 65 95 65 95 65 95 65 95 65 95 65 95 65 95 65 95 65 95 65 95 65 95 65 95 65 95 65 95 65 95 65 95 65 95 65 95 65 95 65 95 65 95 65 95 65 95 65 95 65 95 65 95 65 95 65 95 65 95 65 95 65 95 65 95 65 95 65 95 65 95 65 95 65 95 65 95
65 95 65 95 65 95 65 95 65 95 65 95 65 95 65 95 65 95 65 95 65 95 65 95 65 95 65 95 65 95 65 95 65 95 65 95 65 95 65 95 65 95 65 95 65 95 65 95 65 95 65 95 65 95 65 95 65 95 65 95 65 95 65 95 65 95 65 95 65 95 65 95 65 95 65 95 65 95 65 95 65 95 65 95 65 95 65 95 65 95 65 95 65 95 65 95 65 95 65 95
65 95 65 95 65 95 65 95 65 95 65 95 65 95 65 95 65 95 65 95 65 95 65 95 65 95 65 95 65 95 65 95 65 95 65 95 65 95 65 95 65 95 65 95 65 95 65 95 65 95 65 95 65 95 65 95 65 95 65 95 65 95 65 95 65 95 65 95 65 95 65 95 65 95 65 95 65 95 65 95 65 95 65 95 65 95 65 95 65 95 65 95 65 95 65 95 65 95 65 95
65 95 65 95 65 95 65 95 65 95 65 95 65 95 65 95 65 95 65 95 65 95 65 95 65 95 65 95 65 95 65 95 65 95 65 95 65 95 65 95 65 95 65 95 65 95 65 95 65 95 65 95 65 95 65 95 65 95 65 95 65 95 65 95 65 95 65 95 65 95 65 95 65 95 65 95 65 95 65 95 65 95 65 95 65 95 65 95 65 95 65 95 65 95 65 95 65 95 65 95
65 95 65 95 65 95 65 95 65 95 65 95 65 95 65 95 65 95 65 95 65 95 65 95 65 95 65 95 65 95 65 95 65 95 65 95 65 95 65 95 65 95 65 95 65 95 65 95 65 95 65 95 65 95 65 95 65 95 65 95 65 95 65 95 65 95 65 95 65 95 65 95 65 95 65 95 65 95 65 95 65 95 65 95 65 95 65 95 65 95 65 95 65 95 65 95 65 95 65 95
65 95 65 95 65 95 65 95 65 95 65 95 65 95 65 95 65 95 65 95 65 95 65 95 65 95 65 95 65 95 65 95 65 95 65 95 65 95 65 95 65 95 65 95 65 95 65 95 65 95 65 95 65 95 65 95 65 95 65 95 65 95 65 95 65 95 65 95 65 95 65 95 65 95 65 95 65 95 65 95 65 95 65 95 65 95 65 95 65 95 65 95 65 95 65 95 65 95 65 95
65 95 65 95 65 95 65 95 65 95 65 95 65 95 65 95 65 95 65 95 65 95 65 95 65 95 65 95 65 95 65 95 65 95 65 95 65 95 65 95 65 95 65 95 65 95 65 95 65 95 65 95 65 95 65 95 65 95 65 95 65 95 65 95 65 95 65 95 65 95 65 95 65 95 65 95 65 95 65 95 65 95 65 95 65 95 65 95 65 95 65 95 65 95 65 95 65 95 65 95
65 95 65 95 65 95 65 95 65 95 65 95 65 95 65 95 65 95 65 95 65 95 65 95 65 95 65 95 65 95 65 95 65 95 65 95 65 95 65 95 65 95 65 95 65 95 65 95 65 95 65 95 65 95 65 95 65 95 65 95 65 95 65 95 65 95 65 95 65 95 65 95 65 95 65 95 65 95 65 95 65 95 65 95 65 95 65 95 65 95 65 95 65 95 65 95 65 95 65 95
65 95 65 95 65 95 65 95 65 95 65 95 65 95 65 95 65 95 65 95 65 95 65 95 65 95 65 95 65 95 65 95 65 95 65 95 65 95 65 95 65 95 65 95 65 95 65 95 65 95 65 95 65 95 65 95 65 95 65 95 65 95 65 95 65 95 65 95 65 95 65 95 65 95 65 95 65 95 65 95 65 95 65 95 65 95 65 95 65 95 65 95 65 95 65 95 65 95 65 95
65 95 65 95 65 95 65 95 65 95 65 95 65 95 65 95 65 95 65 95 65 95 65 95 65 95 65 95 65 95 65 95 65 95 65 95 65 95 65 95 65 95 65 95 65 95 65 95 65 95 65 95 65 95 65 95 65 95 65 95 65 95 65 95 65 95 65 95 65 95 65 95 65 95 65 95 65 95 65 95 65 95 65 95 65 95 65 95 65 95 65 95 65 95 65 95 65 95 65 95
65 95 65 95 65 95 65 95 65 95 65 95 65 95 65 95 65 95 65 95 65 95 65 95 65 95 65 95 65 95 65 95 65 95 65 95 65 95 65 95 65 95 65 95 65 95 65 95 65 95 65 95 65 95 65 95 65 95 65 95 65 95 65 95 65 95 65 95 65 95 65 95 65 95 65 95 65 95 65 95 65 95 65 95 65 95 65 95 65 95 65 95 65 95 65 95 65 95 65 95
65 95 65 95 65 95 65 95 65 95 65 95 65 95 65 95 65 95 65 95 65 95 65 95 65 95 65 95 65 95 65 95 65 95 65 95 65 95 65 95 65 95 65 95 65 95 65 95 65 95 65 95 65 95 65 95 65 95 65 95 65 95 65 95 65 95 65 95 65 95 65 95 65 95 65 95 65 95 65 95 65 95 65 95 65 95 65 95 65 95 65 95 65 95 65 95 65 95 65 95
65 95 65 95 65 95 65 95 65 95 65 95 65 95 65 95 65 95 65 95 65 95 65 95 65 95 65 95 65 95 65 95 65 95 65 95 65 95 65 95 65 95 65 95 65 95 65 95 65 95 65 95 65 95 65 95 65 95 65 95 65 95 65 95 65 95 65 95 65 95 65 95 65 95 65 95 65 95 65 95 65 95 65 95 65 95 65 95 65 95 65 95 65 95 65 95 65 95 65 95
65 95 65 95 65 95 65 95 65 95 65 95 65 95 65 95 65 95 65 95 65 95 65 95 65 95 65 95 65 95 65 95 65 95 65 95 65 95 65 95 65 95 65 95 65 95 65 95 65 95 65 95 65 95 65 95 65 95 65 95 65 95 65 95 65 95 65 95 65 95 65 95 65 95 65 95 65 95 65 95 65 95 65 95 65 95 65 95 65 95 65 95 65 95 65 95 65 95 65 95
65 95 65 95 65 95 65 95 65 95 65 95 65 95 65 95 65 95 65 95 65 95 65 95 65 95 65 95 65 95 65 95 65 95 65 95 65 95 65 95 65 95 65 95 65 95 65 95 65 95 65 95 65 95 65 95 65 95 65 95 65 95 65 95 65 95 65 95 65 95 65 95 65 95 65 95 65 95 65 95 65 95 65 95 65 95 65 95 65 95 65 95 65 95 65 95 65 95 65 95
65 95 65 95 65 95 65 95 65 95 65 95 65 95 65 95 65 95 65 95 65 95 65 95 65 95 65 95 65 95 65 95 65 95 65 95 65 95 65 95 65 95 65 95 65 95 65 95 65 95 65 95 65 95 65 95 65 95 65 95 65 95 65 95 65 95 65 95 65 95 65 95 65 95 65 95 65 95 65 95 65 95 65 95 65 95 65 95 65 95 65 95 65 95 65 95 65 95 65 95
65 95 65 95 65 95 65 95 65 95 65 95 65 95 65 95 65 95 65 95 65 95 65 95 65 95 65 95 65 95 65 95 65 95 65 95 65 95 65 95 65 95 65 95 65 95 65 95 65 95 65 95 65 95 65 95 65 95 65 95 65 95 65 95 65 95 65 95 65 95 65 95 65 95 65 95 65 95 65 95 65 95 65 95 65 95 65 95 65 95 65 95 65 95 65 95 65 95 65 95
65 95 65 95 65 95 65 95 65 95 65 95 65 95 65 95 65 95 65 95 65 95 65 95 65 95 65 95 65 95 65 95 65 95 65 95 65 95 65 95 65 95 65 95 65 95 65 95 65 95 65 95 65 95 65 95 65 95 65 95 65 95 65 95 65 95 65 95 65 95 65 95 65 95 65 95 65 95 65 95 65 95 65 95 65 95 65 95 65 95 65 95 65 95 65 95 65 95 65 95
65 95 65 95 65 95 65 95 65 95 65 95 65 95 65 95 65 95 65 95 65 95 65 95 65 95 65 95 65 95 65 95 65 95 65 95 65 95 65 95 65 95 65 95 65 95 65 95 65 95 65 95 65 95 65 95 65 95 65 95 65 95 65 95 65 95 65 95 65 95 65 95 65 95 65 95 65 95 65 95 65 95 65 95 65 95 65 95 65 95 65 95 65 95 65 95 65 95 65 95
65 95 65 95 65 95 65 95 65 95 65 95 65 95 65 95 65 95 65 95 65 95 65 95 65 95 65 95 65 95 65 95 65 95 65 95 65 95 65 95 65 95 65 95 65 95 65 95 65 95 65 95 65 95 65 95 65 95 65 95 65 95 65 95 65 95 65 95 65 95 65 95 65 95 65 95 65 95 65 95 65 95 65 95 65 95 65 95 65 95 65 95 65 95 65 95 65 95 65 95
65 95 65 95 65 95 65 95 65 95 65 95 65 95 65 95 65 95 65 95 65 95 65 95 65 95 65 95 65 95 65 95 65 95 65 95 65 95 65 95 65 95 65 95 65 95 65 95 65 95 65 95 65 95 65 95 65 95 65 95 65 95 65 95 65 95 65 95 65 95 65 95 65 95 65 95 65 95 65 95 65 95 65 95 65 95 65 95 65 95 65 95 65 95 65 95 65 95 65 95
65 95 65 95 65 95 65 95 65 95 65 95 65 95 65 95 65 95 65 95 65 95 65 95 65 95 65 95 65 95 65 95 65 95 65 95 65 95 65 95 65 95 65 95 65 95 65 95 65 95 65 95 65 95 65 95 65 95 65 95 65 95 65 95 65 95 65 95 65 95 65 95 65 95 65 95 65 95 65 95 65 95 65 95 65 95 65 95 65 95 65 95 65 95 65 95 65 95 65 95
65 95 65 95 65 95 65 95 65 95 65 95 65 95 65 95 65 95 65 95 65 95 65 95 65 95 65 95 65 95 65 95 65 95 65 95 65 95 65 95 65 95 65 95 65 95 65 95 65 95 65 95 65 95 65 95 65 95 65 95 65 95 65 95 65 95 65 95 65 95 65 95 65 95 65 95 65 95 65 95 65 95 65 95 65 95 65 95 65 95 65 95 65 95 65 95 65 95 65 95
65 95 65 95 65 95 65 95 65 95 65 95 65 95 65 95 65 95 65 95 65 95 65 95 65 95 65 95 65 95 65 95 65 95 65 95 65 95 65 95 65 95 65 95 65 95 65 95 65 95 65 95 65 95 65 95 65 95 65 95 65 95 65 95 65 95 65 95 65 95 65 95 65 95 65 95 65 95 65 95 65 95 65 95 65 95 65 95 65 95 65 95 65 95 65 95 65 95 65 95
65 95 65 95 65 95 65 95 65 95 65 95 65 95 65 95 65 95 65 95 65 95 65 95 65 95 65 95 65 95 65 95 65 95 65 95 65 95 65 95 65 95 65 95 65 95 65 95 65 95 65 95 65 95 65 95 65 95 65 95 65 95 65 95 65 95 65 95 65 95 65 95 65 95 65 95 65 95 65 95 65 95 65 95 65 95 65 95 65 95 65 95 65 95 65 95 65 95 65 95
65 95 65 95 65 95 65 95 65 95 65 95 65 95 65 95 65 95 65 95 65 95 65 95 65 95 65 95 65 95 65 95 65 95 65 95 65 95 65 95 65 95 65 95 65 95 65 95 65 95 65 95 65 95 65 95 65 95 65 95 65 95 65 95 65 95 65 95 65 95 65 95 65 95 65 95 65 95 65 95 65 95 65 95 65 95 65 95 65 95 65 95 65 95 65 95 65 95 65 95
65 95 65 95 65 95 65 95 65 95 65 95 65 95 65 95 65 95 65 95 65 95 65 95 65 95 65 95 65 95 65 95 65 95 65 95 65 95 65 95 65 95 65 95 65 95 65 95 65 95 65 95 65 95 65 95 65 95 65 95 65 95 65 95 65 95 65 95 65 95 65 95 65 95 65 95 65 95 65 95 65 95 65 95 65 95 65 95 65 95 65 95 65 95 65 95 65 95 65 95
65 95 65 95 65 95 65 95 65 95 65 95 65 95 65 95 65 95 65 95 65 95 65 95 65 95 65 95 65 95 65 95 65 95 65 95 65 95 65 95 65 95 65 95 65 95 65 95 65 95 65 95 65 95 65 95 65 95 65 95 65 95 65 95 65 95 65 95 65 95 65 95 65 95 65 95 65 95 65 95 65 95 65 95 65 95 65 95 65 95 65 95 65 95 65 95 65 95 65 95
65 95 65 95 65 95 65 95 65 95 65 95 65 95 65 95 65 95 65 95 65 95 65 95 65 95 65 95 65 95 65 95 65 95 65 95 65 95 65 95 65 95 65 95 65 95 65 95 65 95 65 95 65 95 65 95 65 95 65 95 65 95 65 95 65 95 65 95 65 95 65 95 65 95 65 95 65 95 65 95 65 95 65 95 65 95 65 95 65 95 65 95 65 95 65 95 65 95 65 95
65 95 65 95 65 95 65 95 65 95 65 95 65 95 65 95 65 95 65 95 65 95 65 95 65 95 65 95 65 95 65 95 65 95 65 95 65 95 65 95 65 95 65 95 65 95 65 95 65 95 65 95 65 95 65 95 65 95 65 95 65 95 65 95 65 95 65 95 65 95 65 95 65 95 65 95 65 95 65 95 65 95 65 95 65 95 65 95 65 95 65 95 65 95 65 95 65 95 65 95
