50 50
90 -17 90 -17 90 -17 90 -17 90 -17 90 -17 90 -17 90 -17 90 -17 90 -17 90 -17 90 -17 90 -17 90 -17 90 -17 90 -17 90 -17 90 -17 90 -17 90 -17 90 -17 90 -17 90 -17 90 -17 90 -17 90 -17 90 -17 90 -17 90 -17 90 -17 90 -17 90 -17 90 -17 90 -17 90 -17 90 -17 90 -17 90 -17 90 -17 90 -17 90 -17 90 -17 90 -17 90 -17 90 -17 90 -17 90 -17 90 -17 90 -17 90 -17
90 -17 90 -17 90 -17 90 -17 90 -17 90 -17 90 -17 90 -17 90 -17 90 -17 90 -17 90 -17 90 -17 90 -17 90 -17 90 -17 90 -17 90 -17 90 -17 90 -17 90 -17 90 -17 90 -17 90 -17 90 -17 90 -17 90 -17 90 -17 90 -17 90 -17 90 -17 90 -17 90 -17 90 -17 90 -17 90 -17 90 -17 90 -17 90 -17 90 -17 90 -17 90 -17 90 -17 90 -17 90 -17 90 -17 90 -17 90 -17 90 -17 90 -17
90 -17 90 -17 90 -17 90 -17 90 -17 90 -17 90 -17 90 -17 90 -17 90 -17 90 -17 90 -17 90 -17 90 -17 90 -17 90 -17 90 -17 90 -17 90 -17 90 -17 90 -17 90 -17 90 -17 90 -17 90 -17 90 -17 90 -17 90 -17 90 -17 90 -17 90 -17 90 -17 90 -17 90 -17 90 -17 90 -17 90 -17 90 -17 90 -17 90 -17 90 -17 90 -17 90 -17 90 -17 90 -17 90 -17 90 -17 90 -17 90 -17 90 -17
90 -17 90 -17 90 -17 90 -17 90 -17 90 -17 90 -17 90 -17 90 -17 90 -17 90 -17 90 -17 90 -17 90 -17 90 -17 90 -17 90 -17 90 -17 90 -17 90 -17 90 -17 90 -17 90 -17 90 -17 90 -17 90 -17 90 -17 90 -17 90 -17 90 -17 90 -17 90 -17 90 -17 90 -17 90 -17 90 -17 90 -17 90 -17 90 -17 90 -17 90 -17 90 -17 90 -17 90 -17 90 -17 90 -17 90 -17 90 -17 90 -17 90 -17
90 -17 90 -17 90 -17 90 -17 90 -17 90 -17 90 -17 90 -17 90 -17 90 -17 90 -17 90 -17 90 -17 90 -17 90 -17 90 -17 90 -17 90 -17 90 -17 90 -17 90 -17 90 -17 90 -17 90 -17 90 -17 90 -17 90 -17 90 -17 90 -17 90 -17 90 -17 90 -17 90 -17 90 -17 90 -17 90 -17 90 -17 90 -17 90 -17 90 -17 90 -17 90 -17 90 -17 90 -17 90 -17 90 -17 90 -17 90 -17 90 -17 90 -17
90 -17 90 -17 90 -17 90 -17 90 -17 90 -17 90 -17 90 -17 90 -17 90 -17 90 -17 90 -17 90 -17 90 -17 90 -17 90 -17 90 -17 90 -17 90 -17 90 -17 90 -17 90 -17 90 -17 90 -17 90 -17 90 -17 90 -17 90 -17 90 -17 90 -17 90 -17 90 -17 90 -17 90 -17 90 -17 90 -17 90 -17 90 -17 90 -17 90 -17 90 -17 90 -17 90 -17 90 -17 90 -17 90 -17 90 -17 90 -17 90 -17 90 -17
90 -17 90 -17 90 -17 90 -17 90 -17 90 -17 90 -17 90 -17 90 -17 90 -17 90 -17 90 -17 90 -17 90 -17 90 -17 90 -17 90 -17 90 -17 90 -17 90 -17 90 -17 90 -17 90 -17 90 -17 90 -17 90 -17 90 -17 90 -17 90 -17 90 -17 90 -17 90 -17 90 -17 90 -17 90 -17 90 -17 90 -17 90 -17 90 -17 90 -17 90 -17 90 -17 90 -17 90 -17 90 -17 90 -17 90 -17 90 -17 90 -17 90 -17
90 -17 90 -17 90 -17 90 -17 90 -17 90 -17 90 -17 90 -17 90 -17 90 -17 90 -17 90 -17 90 -17 90 -17 90 -17 90 -17 90 -17 90 -17 90 -17 90 -17 90 -17 90 -17 90 -17 90 -17 90 -17 90 -17 90 -17 90 -17 90 -17 90 -17 90 -17 90 -17 90 -17 90 -17 90 -17 90 -17 90 -17 90 -17 90 -17 90 -17 90 -17 90 -17 90 -17 90 -17 90 -17 90 -17 90 -17 90 -17 90 -17 90 -17
90 -17 90 -17 90 -17 90 -17 90 -17 90 -17 90 -17 90 -17 90 -17 90 -17 90 -17 90 -17 90 -17 90 -17 90 -17 90 -17 90 -17 90 -17 90 -17 90 -17 90 -17 90 -17 90 -17 90 -17 90 -17 90 -17 90 -17 90 -17 90 -17 90 -17 90 -17 90 -17 90 -17 90 -17 90 -17 90 -17 90 -17 90 -17 90 -17 90 -17 90 -17 90 -17 90 -17 90 -17 90 -17 90 -17 90 -17 90 -17 90 -17 90 -17
90 -17 90 -17 90 -17 90 -17 90 -17 90 -17 90 -17 90 -17 90 -17 90 -17 90 -17 90 -17 90 -17 90 -17 90 -17 90 -17 90 -17 90 -17 90 -17 90 -17 90 -17 90 -17 90 -17 90 -17 90 -17 90 -17 90 -17 90 -17 90 -17 90 -17 90 -17 90 -17 90 -17 90 -17 90 -17 90 -17 90 -17 90 -17 90 -17 90 -17 90 -17 90 -17 90 -17 90 -17 90 -17 90 -17 90 -17 90 -17 90 -17 90 -17
90 -17 90 -17 90 -17 90 -17 90 -17 90 -17 90 -17 90 -17 90 -17 90 -17 90 -17 90 -17 90 -17 90 -17 90 -17 90 -17 90 -17 90 -17 90 -17 90 -17 90 -17 90 -17 90 -17 90 -17 90 -17 90 -17 90 -17 90 -17 90 -17 90 -17 90 -17 90 -17 90 -17 90 -17 90 -17 90 -17 90 -17 90 -17 90 -17 90 -17 90 -17 90 -17 90 -17 90 -17 90 -17 90 -17 90 -17 90 -17 90 -17 90 -17
90 -17 90 -17 90 -17 90 -17 90 -17 90 -17 90 -17 90 -17 90 -17 90 -17 90 -17 90 -17 90 -17 90 -17 90 -17 90 -17 90 -17 90 -17 90 -17 90 -17 90 -17 90 -17 90 -17 90 -17 90 -17 90 -17 90 -17 90 -17 90 -17 90 -17 90 -17 90 -17 90 -17 90 -17 90 -17 90 -17 90 -17 90 -17 90 -17 90 -17 90 -17 90 -17 90 -17 90 -17 90 -17 90 -17 90 -17 90 -17 90 -17 90 -17
90 -17 90 -17 90 -17 90 -17 90 -17 90 -17 90 -17 90 -17 90 -17 90 -17 90 -17 90 -17 90 -17 90 -17 90 -17 90 -17 90 -17 90 -17 90 -17 90 -17 90 -17 90 -17 90 -17 90 -17 90 -17 90 -17 90 -17 90 -17 90 -17 90 -17 90 -17 90 -17 90 -17 90 -17 90 -17 90 -17 90 -17 90 -17 90 -17 90 -17 90 -17 90 -17 90 -17 90 -17 90 -17 90 -17 90 -17 90 -17 90 -17 90 -17
90 -17 90 -17 90 -17 90 -17 90 -17 90 -17 90 -17 90 -17 90 -17 90 -17 90 -17 90 -17 90 -17 90 -17 90 -17 90 -17 90 -17 90 -17 90 -17 90 -17 90 -17 90 -17 90 -17 90 -17 90 -17 90 -17 90 -17 90 -17 90 -17 90 -17 90 -17 90 -17 90 -17 90 -17 90 -17 90 -17 90 -17 90 -17 90 -17 90 -17 90 -17 90 -17 90 -17 90 -17 90 -17 90 -17 90 -17 90 -17 90 -17 90 -17
90 -17 90 -17 90 -17 90 -17 90 -17 90 -17 90 -17 90 -17 90 -17 90 -17 90 -17 90 -17 90 -17 90 -17 90 -17 90 -17 90 -17 90 -17 90 -17 90 -17 90 -17 90 -17 90 -17 90 -17 90 -17 90 -17 90 -17 90 -17 90 -17 90 -17 90 -17 90 -17 90 -17 90 -17 90 -17 90 -17 90 -17 90 -17 90 -17 90 -17 90 -17 90 -17 90 -17 90 -17 90 -17 90 -17 90 -17 90 -17 90 -17 90 -17
90 -17 90 -17 90 -17 90 -17 90 -17 90 -17 90 -17 90 -17 90 -17 90 -17 90 -17 90 -17 90 -17 90 -17 90 -17 90 -17 90 -17 90 -17 90 -17 90 -17 90 -17 90 -17 90 -17 90 -17 90 -17 90 -17 90 -17 90 -17 90 -17 90 -17 90 -17 90 -17 90 -17 90 -17 90 -17 90 -17 90 -17 90 -17 90 -17 90 -17 90 -17 90 -17 90 -17 90 -17 90 -17 90 -17 90 -17 90 -17 90 -17 90 -17
90 -17 90 -17 90 -17 90 -17 90 -17 90 -17 90 -17 90 -17 90 -17 90 -17 90 -17 90 -17 90 -17 90 -17 90 -17 90 -17 90 -17 90 -17 90 -17 90 -17 90 -17 90 -17 90 -17 90 -17 90 -17 90 -17 90 -17 90 -17 90 -17 90 -17 90 -17 90 -17 90 -17 90 -17 90 -17 90 -17 90 -17 90 -17 90 -17 90 -17 90 -17 90 -17 90 -17 90 -17 90 -17 90 -17 90 -17 90 -17 90 -17 90 -17
90 -17 90 -17 90 -17 90 -17 90 -17 90 -17 90 -17 90 -17 90 -17 90 -17 90 -17 90 -17 90 -17 90 -17 90 -17 90 -17 90 -17 90 -17 90 -17 90 -17 90 -17 90 -17 90 -17 90 -17 90 -17 90 -17 90 -17 90 -17 90 -17 90 -17 90 -17 90 -17 90 -17 90 -17 90 -17 90 -17 90 -17 90 -17 90 -17 90 -17 90 -17 90 -17 90 -17 90 -17 90 -17 90 -17 90 -17 90 -17 90 -17 90 -17
90 -17 90 -17 90 -17 90 -17 90 -17 90 -17 90 -17 90 -17 90 -17 90 -17 90 -17 90 -17 90 -17 90 -17 90 -17 90 -17 90 -17 90 -17 90 -17 90 -17 90 -17 90 -17 90 -17 90 -17 90 -17 90 -17 90 -17 90 -17 90 -17 90 -17 90 -17 90 -17 90 -17 90 -17 90 -17 90 -17 90 -17 90 -17 90 -17 90 -17 90 -17 90 -17 90 -17 90 -17 90 -17 90 -17 90 -17 90 -17 90 -17 90 -17
90 -17 90 -17 90 -17 90 -17 90 -17 90 -17 90 -17 90 -17 90 -17 90 -17 90 -17 90 -17 90 -17 90 -17 90 -17 90 -17 90 -17 90 -17 90 -17 90 -17 90 -17 90 -17 90 -17 90 -17 90 -17 90 -17 90 -17 90 -17 90 -17 90 -17 90 -17 90 -17 90 -17 90 -17 90 -17 90 -17 90 -17 90 -17 90 -17 90 -17 90 -17 90 -17 90 -17 90 -17 90 -17 90 -17 90 -17 90 -17 90 -17 90 -17
90 -17 90 -17 90 -17 90 -17 90 -17 90 -17 90 -17 90 -17 90 -17 90 -17 90 -17 90 -17 90 -17 90 -17 90 -17 90 -17 90 -17 90 -17 90 -17 90 -17 90 -17 90 -17 90 -17 90 -17 90 -17 90 -17 90 -17 90 -17 90 -17 90 -17 90 -17 90 -17 90 -17 90 -17 90 -17 90 -17 90 -17 90 -17 90 -17 90 -17 90 -17 90 -17 90 -17 90 -17 90 -17 90 -17 90 -17 90 -17 90 -17 90 -17
90 -17 90 -17 90 -17 90 -17 90 -17 90 -17 90 -17 90 -17 90 -17 90 -17 90 -17 90 -17 90 -17 90 -17 90 -17 90 -17 90 -17 90 -17 90 -17 90 -17 90 -17 90 -17 90 -17 90 -17 90 -17 90 -17 90 -17 90 -17 90 -17 90 -17 90 -17 90 -17 90 -17 90 -17 90 -17 90 -17 90 -17 90 -17 90 -17 90 -17 90 -17 90 -17 90 -17 90 -17 90 -17 90 -17 90 -17 90 -17 90 -17 90 -17
90 -17 90 -17 90 -17 90 -17 90 -17 90 -17 90 -17 90 -17 90 -17 90 -17 90 -17 90 -17 90 -17 90 -17 90 -17 90 -17 90 -17 90 -17 90 -17 90 -17 90 -17 90 -17 90 -17 90 -17 90 -17 90 -17 90 -17 90 -17 90 -17 90 -17 90 -17 90 -17 90 -17 90 -17 90 -17 90 -17 90 -17 90 -17 90 -17 90 -17 90 -17 90 -17 90 -17 90 -17 90 -17 90 -17 90 -17 90 -17 90 -17 90 -17
90 -17 90 -17 90 -17 90 -17 90 -17 90 -17 90 -17 90 -17 90 -17 90 -17 90 -17 90 -17 90 -17 90 -17 90 -17 90 -17 90 -17 90 -17 90 -17 90 -17 90 -17 90 -17 90 -17 90 -17 90 -17 90 -17 90 -17 90 -17 90 -17 90 -17 90 -17 90 -17 90 -17 90 -17 90 -17 90 -17 90 -17 90 -17 90 -17 90 -17 90 -17 90 -17 90 -17 90 -17 90 -17 90 -17 90 -17 90 -17 90 -17 90 -17
90 -17 90 -17 90 -17 90 -17 90 -17 90 -17 90 -17 90 -17 90 -17 90 -17 90 -17 90 -17 90 -17 90 -17 90 -17 90 -17 90 -17 90 -17 90 -17 90 -17 90 -17 90 -17 90 -17 90 -17 90 -17 90 -17 90 -17 90 -17 90 -17 90 -17 90 -17 90 -17 90 -17 90 -17 90 -17 90 -17 90 -17 90 -17 90 -17 90 -17 90 -17 90 -17 90 -17 90 -17 90 -17 90 -17 90 -17 90 -17 90 -17 90 -17
90 -17 90 -17 90 -17 90 -17 90 -17 90 -17 90 -17 90 -17 90 -17 90 -17 90 -17 90 -17 90 -17 90 -17 90 -17 90 -17 90 -17 90 -17 90 -17 90 -17 90 -17 90 -17 90 -17 90 -17 90 -17 90 -17 90 -17 90 -17 90 -17 90 -17 90 -17 90 -17 90 -17 90 -17 90 -17 90 -17 90 -17 90 -17 90 -17 90 -17 90 -17 90 -17 90 -17 90 -17 90 -17 90 -17 90 -17 90 -17 90 -17 90 -17
90 -17 90 -17 90 -17 90 -17 90 -17 90 -17 90 -17 90 -17 90 -17 90 -17 90 -17 90 -17 90 -17 90 -17 90 -17 90 -17 90 -17 90 -17 90 -17 90 -17 90 -17 90 -17 90 -17 90 -17 90 -17 90 -17 90 -17 90 -17 90 -17 90 -17 90 -17 90 -17 90 -17 90 -17 90 -17 90 -17 90 -17 90 -17 90 -17 90 -17 90 -17 90 -17 90 -17 90 -17 90 -17 90 -17 90 -17 90 -17 90 -17 90 -17
90 -17 90 -17 90 -17 90 -17 90 -17 90 -17 90 -17 90 -17 90 -17 90 -17 90 -17 90 -17 90 -17 90 -17 90 -17 90 -17 90 -17 90 -17 90 -17 90 -17 90 -17 90 -17 90 -17 90 -17 90 -17 90 -17 90 -17 90 -17 90 -17 90 -17 90 -17 90 -17 90 -17 90 -17 90 -17 90 -17 90 -17 90 -17 90 -17 90 -17 90 -17 90 -17 90 -17 90 -17 90 -17 90 -17 90 -17 90 -17 90 -17 90 -17
90 -17 90 -17 90 -17 90 -17 90 -17 90 -17 90 -17 90 -17 90 -17 90 -17 90 -17 90 -17 90 -17 90 -17 90 -17 90 -17 90 -17 90 -17 90 -17 90 -17 90 -17 90 -17 90 -17 90 -17 90 -17 90 -17 90 -17 90 -17 90 -17 90 -17 90 -17 90 -17 90 -17 90 -17 90 -17 90 -17 90 -17 90 -17 90 -17 90 -17 90 -17 90 -17 90 -17 90 -17 90 -17 90 -17 90 -17 90 -17 90 -17 90 -17
90 -17 90 -17 90 -17 90 -17 90 -17 90 -17 90 -17 90 -17 90 -17 90 -17 90 -17 90 -17 90 -17 90 -17 90 -17 90 -17 90 -17 90 -17 90 -17 90 -17 90 -17 90 -17 90 -17 90 -17 90 -17 90 -17 90 -17 90 -17 90 -17 90 -17 90 -17 90 -17 90 -17 90 -17 90 -17 90 -17 90 -17 90 -17 90 -17 90 -17 90 -17 90 -17 90 -17 90 -17 90 -17 90 -17 90 -17 90 -17 90 -17 90 -17
90 -17 90 -17 90 -17 90 -17 90 -17 90 -17 90 -17 90 -17 90 -17 90 -17 90 -17 90 -17 90 -17 90 -17 90 -17 90 -17 90 -17 90 -17 90 -17 90 -17 90 -17 90 -17 90 -17 90 -17 90 -17 90 -17 90 -17 90 -17 90 -17 90 -17 90 -17 90 -17 90 -17 90 -17 90 -17 90 -17 90 -17 90 -17 90 -17 90 -17 90 -17 90 -17 90 -17 90 -17 90 -17 90 -17 90 -17 90 -17 90 -17 90 -17
90 -17 90 -17 90 -17 90 -17 90 -17 90 -17 90 -17 90 -17 90 -17 90 -17 90 -17 90 -17 90 -17 90 -17 90 -17 90 -17 90 -17 90 -17 90 -17 90 -17 90 -17 90 -17 90 -17 90 -17 90 -17 90 -17 90 -17 90 -17 90 -17 90 -17 90 -17 90 -17 90 -17 90 -17 90 -17 90 -17 90 -17 90 -17 90 -17 90 -17 90 -17 90 -17 90 -17 90 -17 90 -17 90 -17 90 -17 90 -17 90 -17 90 -17
90 -17 90 -17 90 -17 90 -17 90 -17 90 -17 90 -17 90 -17 90 -17 90 -17 90 -17 90 -17 90 -17 90 -17 90 -17 90 -17 90 -17 90 -17 90 -17 90 -17 90 -17 90 -17 90 -17 90 -17 90 -17 90 -17 90 -17 90 -17 90 -17 90 -17 90 -17 90 -17 90 -17 90 -17 90 -17 90 -17 90 -17 90 -17 90 -17 90 -17 90 -17 90 -17 90 -17 90 -17 90 -17 90 -17 90 -17 90 -17 90 -17 90 -17
90 -17 90 -17 90 -17 90 -17 90 -17 90 -17 90 -17 90 -17 90 -17 90 -17 90 -17 90 -17 90 -17 90 -17 90 -17 90 -17 90 -17 90 -17 90 -17 90 -17 90 -17 90 -17 90 -17 90 -17 90 -17 90 -17 90 -17 90 -17 90 -17 90 -17 90 -17 90 -17 90 -17 90 -17 90 -17 90 -17 90 -17 90 -17 90 -17 90 -17 90 -17 90 -17 90 -17 90 -17 90 -17 90 -17 90 -17 90 -17 90 -17 90 -17
90 -17 90 -17 90 -17 90 -17 90 -17 90 -17 90 -17 90 -17 90 -17 90 -17 90 -17 90 -17 90 -17 90 -17 90 -17 90 -17 90 -17 90 -17 90 -17 90 -17 90 -17 90 -17 90 -17 90 -17 90 -17 90 -17 90 -17 90 -17 90 -17 90 -17 90 -17 90 -17 90 -17 90 -17 90 -17 90 -17 90 -17 90 -17 90 -17 90 -17 90 -17 90 -17 90 -17 90 -17 90 -17 90 -17 90 -17 90 -17 90 -17 90 -17
90 -17 90 -17 90 -17 90 -17 90 -17 90 -17 90 -17 90 -17 90 -17 90 -17 90 -17 90 -17 90 -17 90 -17 90 -17 90 -17 90 -17 90 -17 90 -17 90 -17 90 -17 90 -17 90 -17 90 -17 90 -17 90 -17 90 -17 90 -17 90 -17 90 -17 90 -17 90 -17 90 -17 90 -17 90 -17 90 -17 90 -17 90 -17 90 -17 90 -17 90 -17 90 -17 90 -17 90 -17 90 -17 90 -17 90 -17 90 -17 90 -17 90 -17
90 -17 90 -17 90 -17 90 -17 90 -17 90 -17 90 -17 90 -17 90 -17 90 -17 90 -17 90 -17 90 -17 90 -17 90 -17 90 -17 90 -17 90 -17 90 -17 90 -17 90 -17 90 -17 90 -17 90 -17 90 -17 90 -17 90 -17 90 -17 90 -17 90 -17 90 -17 90 -17 90 -17 90 -17 90 -17 90 -17 90 -17 90 -17 90 -17 90 -17 90 -17 90 -17 90 -17 90 -17 90 -17 90 -17 90 -17 90 -17 90 -17 90 -17
90 -17 90 -17 90 -17 90 -17 90 -17 90 -17 90 -17 90 -17 90 -17 90 -17 90 -17 90 -17 90 -17 90 -17 90 -17 90 -17 90 -17 90 -17 90 -17 90 -17 90 -17 90 -17 90 -17 90 -17 90 -17 90 -17 90 -17 90 -17 90 -17 90 -17 90 -17 90 -17 90 -17 90 -17 90 -17 90 -17 90 -17 90 -17 90 -17 90 -17 90 -17 90 -17 90 -17 90 -17 90 -17 90 -17 90 -17 90 -17 90 -17 90 -17
90 -17 90 -17 90 -17 90 -17 90 -17 90 -17 90 -17 90 -17 90 -17 90 -17 90 -17 90 -17 90 -17 90 -17 90 -17 90 -17 90 -17 90 -17 90 -17 90 -17 90 -17 90 -17 90 -17 90 -17 90 -17 90 -17 90 -17 90 -17 90 -17 90 -17 90 -17 90 -17 90 -17 90 -17 90 -17 90 -17 90 -17 90 -17 90 -17 90 -17 90 -17 90 -17 90 -17 90 -17 90 -17 90 -17 90 -17 90 -17 90 -17 90 -17
90 -17 90 -17 90 -17 90 -17 90 -17 90 -17 90 -17 90 -17 90 -17 90 -17 90 -17 90 -17 90 -17 90 -17 90 -17 90 -17 90 -17 90 -17 90 -17 90 -17 90 -17 90 -17 90 -17 90 -17 90 -17 90 -17 90 -17 90 -17 90 -17 90 -17 90 -17 90 -17 90 -17 90 -17 90 -17 90 -17 90 -17 90 -17 90 -17 90 -17 90 -17 90 -17 90 -17 90 -17 90 -17 90 -17 90 -17 90 -17 90 -17 90 -17
90 -17 90 -17 90 -17 90 -17 90 -17 90 -17 90 -17 90 -17 90 -17 90 -17 90 -17 90 -17 90 -17 90 -17 90 -17 90 -17 90 -17 90 -17 90 -17 90 -17 90 -17 90 -17 90 -17 90 -17 90 -17 90 -17 90 -17 90 -17 90 -17 90 -17 90 -17 90 -17 90 -17 90 -17 90 -17 90 -17 90 -17 90 -17 90 -17 90 -17 90 -17 90 -17 90 -17 90 -17 90 -17 90 -17 90 -17 90 -17 90 -17 90 -17
90 -17 90 -17 90 -17 90 -17 90 -17 90 -17 90 -17 90 -17 90 -17 90 -17 90 -17 90 -17 90 -17 90 -17 90 -17 90 -17 90 -17 90 -17 90 -17 90 -17 90 -17 90 -17 90 -17 90 -17 90 -17 90 -17 90 -17 90 -17 90 -17 90 -17 90 -17 90 -17 90 -17 90 -17 90 -17 90 -17 90 -17 90 -17 90 -17 90 -17 90 -17 90 -17 90 -17 90 -17 90 -17 90 -17 90 -17 90 -17 90 -17 90 -17
90 -17 90 -17 90 -17 90 -17 90 -17 90 -17 90 -17 90 -17 90 -17 90 -17 90 -17 90 -17 90 -17 90 -17 90 -17 90 -17 90 -17 90 -17 90 -17 90 -17 90 -17 90 -17 90 -17 90 -17 90 -17 90 -17 90 -17 90 -17 90 -17 90 -17 90 -17 90 -17 90 -17 90 -17 90 -17 90 -17 90 -17 90 -17 90 -17 90 -17 90 -17 90 -17 90 -17 90 -17 90 -17 90 -17 90 -17 90 -17 90 -17 90 -17
90 -17 90 -17 90 -17 90 -17 90 -17 90 -17 90 -17 90 -17 90 -17 90 -17 90 -17 90 -17 90 -17 90 -17 90 -17 90 -17 90 -17 90 -17 90 -17 90 -17 90 -17 90 -17 90 -17 90 -17 90 -17 90 -17 90 -17 90 -17 90 -17 90 -17 90 -17 90 -17 90 -17 90 -17 90 -17 90 -17 90 -17 90 -17 90 -17 90 -17 90 -17 90 -17 90 -17 90 -17 90 -17 90 -17 90 -17 90 -17 90 -17 90 -17
90 -17 90 -17 90 -17 90 -17 90 -17 90 -17 90 -17 90 -17 90 -17 90 -17 90 -17 90 -17 90 -17 90 -17 90 -17 90 -17 90 -17 90 -17 90 -17 90 -17 90 -17 90 -17 90 -17 90 -17 90 -17 90 -17 90 -17 90 -17 90 -17 90 -17 90 -17 90 -17 90 -17 90 -17 90 -17 90 -17 90 -17 90 -17 90 -17 90 -17 90 -17 90 -17 90 -17 90 -17 90 -17 90 -17 90 -17 90 -17 90 -17 90 -17
90 -17 90 -17 90 -17 90 -17 90 -17 90 -17 90 -17 90 -17 90 -17 90 -17 90 -17 90 -17 90 -17 90 -17 90 -17 90 -17 90 -17 90 -17 90 -17 90 -17 90 -17 90 -17 90 -17 90 -17 90 -17 90 -17 90 -17 90 -17 90 -17 90 -17 90 -17 90 -17 90 -17 90 -17 90 -17 90 -17 90 -17 90 -17 90 -17 90 -17 90 -17 90 -17 90 -17 90 -17 90 -17 90 -17 90 -17 90 -17 90 -17 90 -17
90 -17 90 -17 90 -17 90 -17 90 -17 90 -17 90 -17 90 -17 90 -17 90 -17 90 -17 90 -17 90 -17 90 -17 90 -17 90 -17 90 -17 90 -17 90 -17 90 -17 90 -17 90 -17 90 -17 90 -17 90 -17 90 -17 90 -17 90 -17 90 -17 90 -17 90 -17 90 -17 90 -17 90 -17 90 -17 90 -17 90 -17 90 -17 90 -17 90 -17 90 -17 90 -17 90 -17 90 -17 90 -17 90 -17 90 -17 90 -17 90 -17 90 -17
90 -17 90 -17 90 -17 90 -17 90 -17 90 -17 90 -17 90 -17 90 -17 90 -17 90 -17 90 -17 90 -17 90 -17 90 -17 90 -17 90 -17 90 -17 90 -17 90 -17 90 -17 90 -17 90 -17 90 -17 90 -17 90 -17 90 -17 90 -17 90 -17 90 -17 90 -17 90 -17 90 -17 90 -17 90 -17 90 -17 90 -17 90 -17 90 -17 90 -17 90 -17 90 -17 90 -17 90 -17 90 -17 90 -17 90 -17 90 -17 90 -17 90 -17
90 -17 90 -17 90 -17 90 -17 90 -17 90 -17 90 -17 90 -17 90 -17 90 -17 90 -17 90 -17 90 -17 90 -17 90 -17 90 -17 90 -17 90 -17 90 -17 90 -17 90 -17 90 -17 90 -17 90 -17 90 -17 90 -17 90 -17 90 -17 90 -17 90 -17 90 -17 90 -17 90 -17 90 -17 90 -17 90 -17 90 -17 90 -17 90 -17 90 -17 90 -17 90 -17 90 -17 90 -17 90 -17 90 -17 90 -17 90 -17 90 -17 90 -17
90 -17 90 -17 90 -17 90 -17 90 -17 90 -17 90 -17 90 -17 90 -17 90 -17 90 -17 90 -17 90 -17 90 -17 90 -17 90 -17 90 -17 90 -17 90 -17 90 -17 90 -17 90 -17 90 -17 90 -17 90 -17 90 -17 90 -17 90 -17 90 -17 90 -17 90 -17 90 -17 90 -17 90 -17 90 -17 90 -17 90 -17 90 -17 90 -17 90 -17 90 -17 90 -17 90 -17 90 -17 90 -17 90 -17 90 -17 90 -17 90 -17 90 -17
